0,533
0,532
0,531
0,530
27,4
0,529
0,528
0,527
29,2
0,526
0,525
0,243
0,388
33,31
0,524
33,30
33,29
33,28
0,523
0,522
0,521
0,520
42,35
3,2
3,1
3,3
10,290
10,236
10,310
10,124
10,126
10,84
10,118
10,300
10,2
11,10
11,17
11,15
11,30
11,28
11,18
9,7
9,2
9,3
8,7
8,13
8,10
8,15
8,8
8,12
8,2
8,3
35,7
35,6
35,5
35,4
35,3
35,2
35,1
35,0
34,5
34,4
34,3
34,2
34,1
34,0
33,27
33,26
33,25
33,24
33,23
33,22
33,21
33,20
33,19
33,18
33,17
33,16
33,15
33,14
33,13
33,12
33,11
33,10
33,9
33,8
33,7
33,6
33,5
33,4
33,3
33,2
33,1
33,0
32,4
32,3
32,2
32,1
32,0
31,8
31,7
31,6
31,5
31,4
31,3
31,2
31,1
31,0
30,5
30,4
30,3
30,1
29,4
29,3
29,1
28,5
28,4
28,3
28,1
27,3
27,1
26,4
26,3
26,1
